== chromium ==
  cellRects: HEAD=131.89,124.45,70.66,70.66|202.55,124.45,70.67,70.66|273.22,124.45,70.66,70.66|343.88,124.45,70.67,70.66|414.55,124.45,70.67,70.66|485.22,124.45,70.66,70.66|555.88,124.45,70.67,70.66|626.55,124.45,70.67,70.66|697.22,124.45,70.66,70.66|131.89,195.11,70.66,70.67|202.55,195.11,70.67,70.67|273.22,195.11,70.66,70.67|343.88,195.11,70.67,70.67|414.55,195.11,70.67,70.67|485.22,195.11,70.66,70.67|555.88,195.11,70.67,70.67|626.55,195.11,70.67,70.67|697.22,195.11,70.66,70.67|131.89,265.78,70.66,70.66|202.55,265.78,70.67,70.66|273.22,265.78,70.66,70.66|343.88,265.78,70.67,70.66|414.55,265.78,70.67,70.66|485.22,265.78,70.66,70.66|555.88,265.78,70.67,70.66|626.55,265.78,70.67,70.66|697.22,265.78,70.66,70.66|131.89,336.44,70.66,70.67|202.55,336.44,70.67,70.67|273.22,336.44,70.66,70.67|343.88,336.44,70.67,70.67|414.55,336.44,70.67,70.67|485.22,336.44,70.66,70.67|555.88,336.44,70.67,70.67|626.55,336.44,70.67,70.67|697.22,336.44,70.66,70.67|131.89,407.11,70.66,70.67|202.55,407.11,70.67,70.67|273.22,407.11,70.66,70.67|343.88,407.11,70.67,70.67|414.55,407.11,70.67,70.67|485.22,407.11,70.66,70.67|555.88,407.11,70.67,70.67|626.55,407.11,70.67,70.67|697.22,407.11,70.66,70.67|131.89,477.78,70.66,70.66|202.55,477.78,70.67,70.66|273.22,477.78,70.66,70.66|343.88,477.78,70.67,70.66|414.55,477.78,70.67,70.66|485.22,477.78,70.66,70.66|555.88,477.78,70.67,70.66|626.55,477.78,70.67,70.66|697.22,477.78,70.66,70.66|131.89,548.44,70.66,70.67|202.55,548.44,70.67,70.67|273.22,548.44,70.66,70.67|343.88,548.44,70.67,70.67|414.55,548.44,70.67,70.67|485.22,548.44,70.66,70.67|555.88,548.44,70.67,70.67|626.55,548.44,70.67,70.67|697.22,548.44,70.66,70.67|131.89,619.11,70.66,70.67|202.55,619.11,70.67,70.67|273.22,619.11,70.66,70.67|343.88,619.11,70.67,70.67|414.55,619.11,70.67,70.67|485.22,619.11,70.66,70.67|555.88,619.11,70.67,70.67|626.55,619.11,70.67,70.67|697.22,619.11,70.66,70.67|131.89,689.78,70.66,70.66|202.55,689.78,70.67,70.66|273.22,689.78,70.66,70.66|343.88,689.78,70.67,70.66|414.55,689.78,70.67,70.66|485.22,689.78,70.66,70.66|555.88,689.78,70.67,70.66|626.55,689.78,70.67,70.66|697.22,689.78,70.66,70.66 PROTO=131.89,124.45,70.66,70.66|202.55,124.45,70.67,70.66|273.22,124.45,70.66,70.66|343.88,124.45,70.67,70.66|414.55,124.45,70.67,70.66|485.22,124.45,70.66,70.66|555.88,124.45,70.67,70.66|626.55,124.45,70.67,70.66|697.22,124.45,70.66,70.66|131.89,195.11,70.66,70.67|202.55,195.11,70.67,70.67|273.22,195.11,70.66,70.67|343.88,195.11,70.67,70.67|414.55,195.11,70.67,70.67|485.22,195.11,70.66,70.67|555.88,195.11,70.67,70.67|626.55,195.11,70.67,70.67|697.22,195.11,70.66,70.67|131.89,265.78,70.66,70.66|202.55,265.78,70.67,70.66|273.22,265.78,70.66,70.66|343.88,265.78,70.67,70.66|414.55,265.78,70.67,70.66|485.22,265.78,70.66,70.66|555.88,265.78,70.67,70.66|626.55,265.78,70.67,70.66|697.22,265.78,70.66,70.66|131.89,336.44,70.66,70.67|202.55,336.44,70.67,70.67|273.22,336.44,70.66,70.67|343.88,336.44,70.67,70.67|414.55,336.44,70.67,70.67|485.22,336.44,70.66,70.67|555.88,336.44,70.67,70.67|626.55,336.44,70.67,70.67|697.22,336.44,70.66,70.67|131.89,407.11,70.66,70.67|202.55,407.11,70.67,70.67|273.22,407.11,70.66,70.67|343.88,407.11,70.67,70.67|414.55,407.11,70.67,70.67|485.22,407.11,70.66,70.67|555.88,407.11,70.67,70.67|626.55,407.11,70.67,70.67|697.22,407.11,70.66,70.67|131.89,477.78,70.66,70.66|202.55,477.78,70.67,70.66|273.22,477.78,70.66,70.66|343.88,477.78,70.67,70.66|414.55,477.78,70.67,70.66|485.22,477.78,70.66,70.66|555.88,477.78,70.67,70.66|626.55,477.78,70.67,70.66|697.22,477.78,70.66,70.66|131.89,548.44,70.66,70.67|202.55,548.44,70.67,70.67|273.22,548.44,70.66,70.67|343.88,548.44,70.67,70.67|414.55,548.44,70.67,70.67|485.22,548.44,70.66,70.67|555.88,548.44,70.67,70.67|626.55,548.44,70.67,70.67|697.22,548.44,70.66,70.67|131.89,619.11,70.66,70.67|202.55,619.11,70.67,70.67|273.22,619.11,70.66,70.67|343.88,619.11,70.67,70.67|414.55,619.11,70.67,70.67|485.22,619.11,70.66,70.67|555.88,619.11,70.67,70.67|626.55,619.11,70.67,70.67|697.22,619.11,70.66,70.67|131.89,689.78,70.66,70.66|202.55,689.78,70.67,70.66|273.22,689.78,70.66,70.66|343.88,689.78,70.67,70.66|414.55,689.78,70.67,70.66|485.22,689.78,70.66,70.66|555.88,689.78,70.67,70.66|626.55,689.78,70.67,70.66|697.22,689.78,70.66,70.66
  counts.cells: HEAD=81 PROTO=81
  counts.domNodes: HEAD=1234 PROTO=1235  <-- MOVED
  counts.glyphPaths: HEAD=62 PROTO=62
  counts.liveFilters: HEAD=9 PROTO=9
  counts.rosterTicks: HEAD=0 PROTO=0
  counts.ticks: HEAD=0 PROTO=0
  ghost.fillOpacity: HEAD=0.06 PROTO=0.06
  ghost.stroke: HEAD=rgb(38, 38, 38) PROTO=rgb(38, 38, 38)
  ghost.strokeOpacity: HEAD=0.65 PROTO=0.65
  glyphStroke: HEAD=['rgb(10, 10, 10)'] PROTO=['rgb(10, 10, 10)']
  surfaces.actionBar: worst |delta| 0.00px  HEAD=[845.89, 627.64, 284.22, 64.81] PROTO=[845.89, 627.64, 284.22, 64.81]
  surfaces.board: worst |delta| 0.00px  HEAD=[129.89, 122.45, 640, 640] PROTO=[129.89, 122.45, 640, 640]
  surfaces.card: worst |delta| 0.00px  HEAD=[825.89, 140.45, 324.22, 608] PROTO=[825.89, 140.45, 324.22, 608]
  surfaces.firstCell: worst |delta| 0.00px  HEAD=[131.89, 124.45, 70.66, 70.66] PROTO=[131.89, 124.45, 70.66, 70.66]
  surfaces.head: both null
  surfaces.lastCell: worst |delta| 0.00px  HEAD=[697.22, 689.78, 70.66, 70.66] PROTO=[697.22, 689.78, 70.66, 70.66]
  surfaces.logo: worst |delta| 0.00px  HEAD=[129.89, 5.53, 382.39, 111.92] PROTO=[129.89, 5.53, 382.39, 111.92]
  surfaces.roster: worst |delta| 0.00px  HEAD=[853.89, 1100.72, 1, 1] PROTO=[853.89, 1100.72, 1, 1]
  surfaces.tally: worst |delta| 0.00px  HEAD=[942.44, 635.66, 91.13, 30.39] PROTO=[942.44, 635.66, 91.13, 30.39]
  tokens.background: HEAD=hsl(48 15% 98%) PROTO=hsl(48 15% 98%)
  tokens.card: HEAD=hsl(48 12% 99%) PROTO=hsl(48 12% 99%)
  tokens.userInk: HEAD=#2563eb PROTO=#2563eb
== webkit ==
  cellRects: HEAD=131.84,124.16,70.66,70.66|202.50,124.16,70.67,70.66|273.17,124.16,70.67,70.66|343.84,124.16,70.66,70.66|414.50,124.16,70.67,70.66|485.17,124.16,70.67,70.66|555.84,124.16,70.66,70.66|626.50,124.16,70.67,70.66|697.17,124.16,70.67,70.66|131.84,194.81,70.66,70.67|202.50,194.81,70.67,70.67|273.17,194.81,70.67,70.67|343.84,194.81,70.66,70.67|414.50,194.81,70.67,70.67|485.17,194.81,70.67,70.67|555.84,194.81,70.66,70.67|626.50,194.81,70.67,70.67|697.17,194.81,70.67,70.67|131.84,265.48,70.66,70.67|202.50,265.48,70.67,70.67|273.17,265.48,70.67,70.67|343.84,265.48,70.66,70.67|414.50,265.48,70.67,70.67|485.17,265.48,70.67,70.67|555.84,265.48,70.66,70.67|626.50,265.48,70.67,70.67|697.17,265.48,70.67,70.67|131.84,336.16,70.66,70.66|202.50,336.16,70.67,70.66|273.17,336.16,70.67,70.66|343.84,336.16,70.66,70.66|414.50,336.16,70.67,70.66|485.17,336.16,70.67,70.66|555.84,336.16,70.66,70.66|626.50,336.16,70.67,70.66|697.17,336.16,70.67,70.66|131.84,406.81,70.66,70.67|202.50,406.81,70.67,70.67|273.17,406.81,70.67,70.67|343.84,406.81,70.66,70.67|414.50,406.81,70.67,70.67|485.17,406.81,70.67,70.67|555.84,406.81,70.66,70.67|626.50,406.81,70.67,70.67|697.17,406.81,70.67,70.67|131.84,477.48,70.66,70.67|202.50,477.48,70.67,70.67|273.17,477.48,70.67,70.67|343.84,477.48,70.66,70.67|414.50,477.48,70.67,70.67|485.17,477.48,70.67,70.67|555.84,477.48,70.66,70.67|626.50,477.48,70.67,70.67|697.17,477.48,70.67,70.67|131.84,548.16,70.66,70.66|202.50,548.16,70.67,70.66|273.17,548.16,70.67,70.66|343.84,548.16,70.66,70.66|414.50,548.16,70.67,70.66|485.17,548.16,70.67,70.66|555.84,548.16,70.66,70.66|626.50,548.16,70.67,70.66|697.17,548.16,70.67,70.66|131.84,618.81,70.66,70.67|202.50,618.81,70.67,70.67|273.17,618.81,70.67,70.67|343.84,618.81,70.66,70.67|414.50,618.81,70.67,70.67|485.17,618.81,70.67,70.67|555.84,618.81,70.66,70.67|626.50,618.81,70.67,70.67|697.17,618.81,70.67,70.67|131.84,689.48,70.66,70.67|202.50,689.48,70.67,70.67|273.17,689.48,70.67,70.67|343.84,689.48,70.66,70.67|414.50,689.48,70.67,70.67|485.17,689.48,70.67,70.67|555.84,689.48,70.66,70.67|626.50,689.48,70.67,70.67|697.17,689.48,70.67,70.67 PROTO=131.84,124.16,70.66,70.66|202.50,124.16,70.67,70.66|273.17,124.16,70.67,70.66|343.84,124.16,70.66,70.66|414.50,124.16,70.67,70.66|485.17,124.16,70.67,70.66|555.84,124.16,70.66,70.66|626.50,124.16,70.67,70.66|697.17,124.16,70.67,70.66|131.84,194.81,70.66,70.67|202.50,194.81,70.67,70.67|273.17,194.81,70.67,70.67|343.84,194.81,70.66,70.67|414.50,194.81,70.67,70.67|485.17,194.81,70.67,70.67|555.84,194.81,70.66,70.67|626.50,194.81,70.67,70.67|697.17,194.81,70.67,70.67|131.84,265.48,70.66,70.67|202.50,265.48,70.67,70.67|273.17,265.48,70.67,70.67|343.84,265.48,70.66,70.67|414.50,265.48,70.67,70.67|485.17,265.48,70.67,70.67|555.84,265.48,70.66,70.67|626.50,265.48,70.67,70.67|697.17,265.48,70.67,70.67|131.84,336.16,70.66,70.66|202.50,336.16,70.67,70.66|273.17,336.16,70.67,70.66|343.84,336.16,70.66,70.66|414.50,336.16,70.67,70.66|485.17,336.16,70.67,70.66|555.84,336.16,70.66,70.66|626.50,336.16,70.67,70.66|697.17,336.16,70.67,70.66|131.84,406.81,70.66,70.67|202.50,406.81,70.67,70.67|273.17,406.81,70.67,70.67|343.84,406.81,70.66,70.67|414.50,406.81,70.67,70.67|485.17,406.81,70.67,70.67|555.84,406.81,70.66,70.67|626.50,406.81,70.67,70.67|697.17,406.81,70.67,70.67|131.84,477.48,70.66,70.67|202.50,477.48,70.67,70.67|273.17,477.48,70.67,70.67|343.84,477.48,70.66,70.67|414.50,477.48,70.67,70.67|485.17,477.48,70.67,70.67|555.84,477.48,70.66,70.67|626.50,477.48,70.67,70.67|697.17,477.48,70.67,70.67|131.84,548.16,70.66,70.66|202.50,548.16,70.67,70.66|273.17,548.16,70.67,70.66|343.84,548.16,70.66,70.66|414.50,548.16,70.67,70.66|485.17,548.16,70.67,70.66|555.84,548.16,70.66,70.66|626.50,548.16,70.67,70.66|697.17,548.16,70.67,70.66|131.84,618.81,70.66,70.67|202.50,618.81,70.67,70.67|273.17,618.81,70.67,70.67|343.84,618.81,70.66,70.67|414.50,618.81,70.67,70.67|485.17,618.81,70.67,70.67|555.84,618.81,70.66,70.67|626.50,618.81,70.67,70.67|697.17,618.81,70.67,70.67|131.84,689.48,70.66,70.67|202.50,689.48,70.67,70.67|273.17,689.48,70.67,70.67|343.84,689.48,70.66,70.67|414.50,689.48,70.67,70.67|485.17,689.48,70.67,70.67|555.84,689.48,70.66,70.67|626.50,689.48,70.67,70.67|697.17,689.48,70.67,70.67
  counts.cells: HEAD=81 PROTO=81
  counts.domNodes: HEAD=1234 PROTO=1235  <-- MOVED
  counts.glyphPaths: HEAD=62 PROTO=62
  counts.liveFilters: HEAD=9 PROTO=9
  counts.rosterTicks: HEAD=0 PROTO=0
  counts.ticks: HEAD=0 PROTO=0
  ghost.fillOpacity: HEAD=0.06 PROTO=0.06
  ghost.stroke: HEAD=rgb(38, 38, 38) PROTO=rgb(38, 38, 38)
  ghost.strokeOpacity: HEAD=0.65 PROTO=0.65
  glyphStroke: HEAD=['rgb(10, 10, 10)'] PROTO=['rgb(10, 10, 10)']
  surfaces.actionBar: worst |delta| 0.00px  HEAD=[845.84, 627.34, 284.31, 64.81] PROTO=[845.84, 627.34, 284.31, 64.81]
  surfaces.board: worst |delta| 0.00px  HEAD=[129.84, 122.16, 640, 640] PROTO=[129.84, 122.16, 640, 640]
  surfaces.card: worst |delta| 0.00px  HEAD=[825.84, 140.16, 324.31, 608] PROTO=[825.84, 140.16, 324.31, 608]
  surfaces.firstCell: worst |delta| 0.00px  HEAD=[131.84, 124.16, 70.66, 70.66] PROTO=[131.84, 124.16, 70.66, 70.66]
  surfaces.head: both null
  surfaces.lastCell: worst |delta| 0.00px  HEAD=[697.17, 689.48, 70.67, 70.67] PROTO=[697.17, 689.48, 70.67, 70.67]
  surfaces.logo: worst |delta| 0.00px  HEAD=[129.84, 5.83, 380.53, 111.92] PROTO=[129.84, 5.83, 380.53, 111.92]
  surfaces.roster: worst |delta| 0.00px  HEAD=[853.84, 1100.39, 1, 1] PROTO=[853.84, 1100.39, 1, 1]
  surfaces.tally: worst |delta| 0.00px  HEAD=[942.44, 635.33, 91.13, 30.39] PROTO=[942.44, 635.33, 91.13, 30.39]
  tokens.background: HEAD=hsl(48 15% 98%) PROTO=hsl(48 15% 98%)
  tokens.card: HEAD=hsl(48 12% 99%) PROTO=hsl(48 12% 99%)
  tokens.userInk: HEAD=#2563eb PROTO=#2563eb
